N_species = 8;
N_rx = 6;
D = [0.43         0.02         0.43         0.02           20          0.1            0            0];