k5=0.75;
k6=1.0202;
k11=1.0454;
k12=1.0428;
k13=1.0966;
k14=1.062;
k15=1.0695;
k16=1.072;
k23=1.0347;
k24=1.0517;
k25=1.0557;
k26=1.0156;
k27=1.0562;
k28=1.0695;
k29=1.0426;
k30=1.0836;
k31=1.0731;
k32=1.036;
k33=1.0454;
k34=1.0386;
k35=1.0776;
k36=1.0734;
k37=1.043;
k38=1.0694;
k39=1.0945;
k40=1.0784;
k42=1.0706;
k43=1.0109;
k44=1.039;
k45=1.0591;
k1=1.0459;
k2=1.005;
k4=1.0229;
k46=1.0834;
k47=1.0016;
k48=1.0864;
k49=1.0078;
k50=1.0669;
k51=1.05;
k52=1.0218;
k53=1.0572;
k54=1.0122;
k7=1.0671;
k8=1.06;
k9=1.0056;
k10=1.0056;
k17=1.0153;
k18=1.002;
k19=1.0435;
k20=1.0832;
k21=1.0617;
k22=1.052;
k41=1.0864;
cnsrv_1=2;
cnsrv_2=1;
cnsrv_3=1;
cnsrv_4=4;
cnsrv_5=1;
cnsrv_6=10;
cnsrv_7=2;
cnsrv_8=8;
cnsrv_9=5;
cnsrv_10=6;
cnsrv_11=4;
cnsrv_12=1;
cnsrv_13=1;
cnsrv_14=1;
cnsrv_15=2;