fp = [0.92184550371    0.0781544962904     0.541733655388     0.458266344612     0.865301622984     0.134698377016];