a=1.000000000;
d=1.000000000;
k=1.000000000;
cnsrv_1=1.5;
cnsrv_2=2.5;