k5=0.75;
k6=1.0716;
k11=1.0839;
k12=1.0433;
k13=1.0471;
k14=1.0561;
k15=1.0269;
k16=1.0749;
k23=1.0504;
k24=1.0647;
k25=1.0308;
k26=1.0139;
k27=1.0476;
k28=1.0362;
k29=1.0788;
k30=1.078;
k31=1.0669;
k32=1.0134;
k33=1.0022;
k34=1.056;
k35=1.0301;
k36=1.0939;
k37=1.0981;
k38=1.0287;
k39=1.0801;
k40=1.0896;
k42=1.0598;
k43=1.0884;
k44=1.0944;
k45=1.0549;
k1=1.0728;
k2=1.0577;
k4=1.0026;
k46=1.0447;
k47=1.0646;
k48=1.0521;
k49=1.0372;
k50=1.0937;
k51=1.083;
k52=1.0849;
k53=1.0373;
k54=1.0593;
k7=1.0873;
k8=1.0934;
k9=1.0668;
k10=1.0207;
k17=1.0654;
k18=1.0072;
k19=1.0407;
k20=1.0667;
k21=1.0934;
k22=1.0811;
k41=1.0485;
cnsrv_1=2;
cnsrv_2=1;
cnsrv_3=1;
cnsrv_4=4;
cnsrv_5=1;
cnsrv_6=10;
cnsrv_7=2;
cnsrv_8=8;
cnsrv_9=5;
cnsrv_10=6;
cnsrv_11=4;
cnsrv_12=1;
cnsrv_13=1;
cnsrv_14=1;
cnsrv_15=2;