k5=0.75;
k6=1.0532;
k11=1.0716;
k12=1.0179;
k13=1.0337;
k14=1.0188;
k15=1.0322;
k16=1.0404;
k23=1.0549;
k24=1.0049;
k25=1.0553;
k26=1.0275;
k27=1.0242;
k28=1.0243;
k29=1.0154;
k30=1.0956;
k31=1.0936;
k32=1.0819;
k33=1.0728;
k34=1.0176;
k35=1.036;
k36=1.0189;
k37=1.0001;
k38=1.0316;
k39=1.07;
k40=1.0625;
k42=1.0543;
k43=1.0439;
k44=1.0287;
k45=1.0502;
k1=1.0762;
k2=1.0762;
k4=1.0576;
k46=1.0748;
k47=1.0646;
k48=1.0123;
k49=1.0504;
k50=1.0347;
k51=1.0092;
k52=1.0148;
k53=1.0198;
k54=1.0672;
k7=1.0432;
k8=1.0694;
k9=1.0257;
k10=1.001;
k17=1.0532;
k18=1.0279;
k19=1.0946;
k20=1.0906;
k21=1.0393;
k22=1.0025;
k41=1.0671;
cnsrv_1=2;
cnsrv_2=1;
cnsrv_3=1;
cnsrv_4=4;
cnsrv_5=1;
cnsrv_6=10;
cnsrv_7=2;
cnsrv_8=8;
cnsrv_9=5;
cnsrv_10=6;
cnsrv_11=4;
cnsrv_12=1;
cnsrv_13=1;
cnsrv_14=1;
cnsrv_15=2;