k1=1.0154;
k10=1.0106;
k11=1.0047;
k12=1.0179;
k13=1.074;
k14=1.0356;
k15=1.0243;
k16=1.0448;
k17=1.0737;
k18=1.0969;
k19=1.0155;
k2=1.0593;
k20=1.0027;
k21=1.049;
k22=1.0109;
k23=1.0266;
k24=1.037;
k25=1.0167;
k26=1.0943;
k27=1.0965;
k28=1.047;
k29=1.0444;
k30=1.0529;
k31=1.0415;
k32=1.0453;
k33=1.0379;
k34=1.0462;
k35=1.0074;
k36=1.0016;
k37=1.0082;
k38=1.0468;
k39=1.0382;
k4=1.0376;
k40=1.0176;
k41=1.0444;
k42=1.0272;
k43=1.0851;
k44=1.0274;
k45=1.004;
k46=1.0609;
k47=1.0992;
k48=1.0707;
k49=1.0084;
k5=0.75;
k50=1.0043;
k51=1.0125;
k52=1.0344;
k53=1.0057;
k54=1.0762;
k6=1.0549;
k7=1.0847;
k8=1.0332;
k9=1.0279;
cnsrv_1=2;
cnsrv_2=1;
cnsrv_3=1;
cnsrv_4=4;
cnsrv_5=1;
cnsrv_6=10.0045;
cnsrv_7=2;
cnsrv_8=8.04042;
cnsrv_9=5;
cnsrv_10=6;
cnsrv_11=4;
cnsrv_12=1;
cnsrv_13=1;
cnsrv_14=1;
cnsrv_15=2;