fp = [0.782920317544    0.0762778268401     0.538356776715     0.461643223285     0.572091200507     0.109566209312     0.140801855619     0.318342590181];