fp = [0.919508002676     0.080492095606     0.545987808302     0.454013745047      0.83378221855     0.166218541448];