k6=0.001000000;
B=2.000000000;
I_rho=0.016000000;
L_rho=0.340000000;
delta_rho=0.016000000;
L_R=0.340000000;
I_R=0.003000000;
delta_R=0.025000000;
alpha_R=15.000000000;
delta_P=0.000400000;
I_K=0.009000000;
L_K=5.770000000;
k1=1.000000000;
L_F=1.000000000;
k2=1.000000000;
k8=1.000000000;
k7=1.000000000;
k3=1.000000000;
k4=1.000000000;
k9=1.000000000;
k_X=41.700000000;
k_G=5.710000000;
k_C=5.000000000;
GIT=0.110000000;
PIX=0.069000000;
Paxtot=2.300000000;
n=4.000000000;
m=4.000000000;
alpha_PAK=0.300000000;
Rho_Square=1.000000000;
Rac_Square=1.000000000;
Pax_Square=1.000000000;
PAKtot=2.250000000;
Rtot=7.5;
k5=1;
cnsrv_1=Rac_Square;
cnsrv_2=Rac_Square;
cnsrv_3=Pax_Square - 1;
cnsrv_4=2;
cnsrv_5=1;