fp = [0.75501536182    0.0898956666369            0.55938     0.440616585912     0.459227267463       0.1479466683     0.229565512937         0.99988046  0.000229539165799     0.999885230417     0.155088206432     0.163020948673     0.418486807463     0.418489082537];